image_width: 640
image_height: 480
camera_name: camera_640x480
camera_matrix:
  rows: 3
  cols: 3
  data: [540.906366, 0.000000, 321.151325, 0.000000, 540.851383, 240.936424, 0.000000, 0.000000, 1.000000]
distortion_model: plumb_bob
distortion_coefficients:
  rows: 1
  cols: 5
  data: [0.000000, 0.000000, 0.000000, 0.000000, 0.000000]
rectification_matrix:
  rows: 3
  cols: 3
  data: [1.000000, 0.000000, 0.000000, 0.000000, 1.000000, 0.000000, 0.000000, 0.000000, 1.000000]
projection_matrix:
  rows: 3
  cols: 4
  data: [540.906366, 0.000000, 321.151325, 0.000000, 0.000000, 540.851383, 240.936424, 0.000000, 0.000000, 0.000000, 1.000000, 0.000000]
